GO:0010467	0.00362613159421674	3
GO:0034645	0.00472127911673161	3
GO:0044238	0.00428577919764034	3
